[DX11_BUFFER_DETECTION]
DepthBufferRetrievalMode=0
DepthBufferTextureFormat=0
ExtendedDepthBufferDetection=0
DepthBufferClearingNumber=0

[INPUT]
InputProcessing=1
KeyScreenshot=44,0,0,0
KeyReload=0,0,0,0
KeyEffects=114,0,1,0
KeyMenu=113,0,1,0

[GENERAL]
ShowClock=0
PerformanceMode=0
ShowFrameTime=0
NoReloadOnInit=0
PreprocessorDefinitions=RESHADE_DEPTH_LINEARIZATION_FAR_PLANE=1000.0,RESHADE_DEPTH_INPUT_IS_UPSIDE_DOWN=0,RESHADE_DEPTH_INPUT_IS_REVERSED=0,RESHADE_DEPTH_INPUT_IS_LOGARITHMIC=0
TutorialProgress=5
ScreenshotFormat=1
ShowFPS=0
FontGlobalScale=1.000000
SaveWindowState=1
ScreenshotIncludePreset=0
EffectSearchPaths=.\reshade-shaders\Shaders
TextureSearchPaths=.\reshade-shaders\Textures
PresetFiles=DefaultPreset.ini
CurrentPreset=0
ClockFormat=0
ScreenshotPath=Your screenshot path here
NewVariableUI=0

[STYLE]
ButtonActive=0.882353,0.352941,0.545098,1.000000
FrameBgActive=0.882353,0.352941,0.545098,1.000000
GrabRounding=0.000000
Alpha=1.000000
HeaderActive=0.882353,0.352941,0.545098,1.000000
FPSScale=1.000000
ScrollbarBg=0.200000,0.200000,0.200000,1.000000
FrameRounding=0.000000
ScrollbarGrabActive=0.882353,0.352941,0.545098,1.000000
WindowRounding=0.000000
ChildRounding=0.000000
PopupRounding=0.000000
ScrollbarRounding=0.000000
Tab=0.882353,0.352941,0.545098,0.440000
TabRounding=4.000000
ColFPSText=1.000000,1.000000,0.784314,1.000000
ResizeGripActive=0.882353,0.352941,0.545098,1.000000
EditorStyleIndex=0
Font=
ResizeGrip=0.882353,0.352941,0.545098,0.200000
FontSize=13
EditorFont=
Separator=0.862745,0.862745,0.862745,0.320000
EditorFontSize=13
ScrollbarGrabHovered=0.882353,0.352941,0.545098,0.780000
StyleIndex=3
TabActive=0.882353,0.352941,0.545098,1.000000
PopupBg=0.133333,0.133333,0.133333,0.920000
ChildBg=0.200000,0.200000,0.200000,0.000000
Text=0.862745,0.862745,0.862745,1.000000
TextDisabled=0.862745,0.862745,0.862745,0.580000
WindowBg=0.133333,0.133333,0.133333,1.000000
Border=0.862745,0.862745,0.862745,0.300000
BorderShadow=0.000000,0.000000,0.000000,0.000000
Button=0.882353,0.352941,0.545098,0.440000
FrameBg=0.200000,0.200000,0.200000,1.000000
ButtonHovered=0.882353,0.352941,0.545098,0.860000
FrameBgHovered=0.882353,0.352941,0.545098,0.680000
TitleBg=0.882353,0.352941,0.545098,0.450000
DockingEmptyBg=0.200000,0.200000,0.200000,1.000000
TitleBgActive=0.882353,0.352941,0.545098,0.580000
TitleBgCollapsed=0.882353,0.352941,0.545098,0.350000
MenuBarBg=0.200000,0.200000,0.200000,0.570000
PlotHistogramHovered=0.882353,0.352941,0.545098,1.000000
ScrollbarGrab=0.882353,0.352941,0.545098,0.310000
CheckMark=0.882353,0.352941,0.545098,0.800000
NavHighlight=0.260000,0.590000,0.980000,1.000000
SliderGrab=0.882353,0.352941,0.545098,0.240000
TextSelectedBg=0.882353,0.352941,0.545098,0.430000
PlotHistogram=0.862745,0.862745,0.862745,0.630000
TabUnfocused=0.882353,0.352941,0.545098,0.448000
SliderGrabActive=0.882353,0.352941,0.545098,1.000000
Header=0.882353,0.352941,0.545098,0.760000
HeaderHovered=0.882353,0.352941,0.545098,0.860000
NavWindowingDimBg=0.800000,0.800000,0.800000,0.200000
SeparatorHovered=0.862745,0.862745,0.862745,0.780000
NavWindowingHighlight=1.000000,1.000000,1.000000,0.700000
SeparatorActive=0.862745,0.862745,0.862745,1.000000
ResizeGripHovered=0.882353,0.352941,0.545098,0.780000
TabHovered=0.882353,0.352941,0.545098,0.860000
TabUnfocusedActive=0.882353,0.352941,0.545098,0.780000
DockingPreview=0.882353,0.352941,0.545098,0.532000
PlotLines=0.862745,0.862745,0.862745,0.630000
PlotLinesHovered=0.882353,0.352941,0.545098,1.000000
DragDropTarget=1.000000,1.000000,0.000000,0.900000
ModalWindowDimBg=0.800000,0.800000,0.800000,0.350000

